ad_coeffs = [ 0.1519034817985295, -0.1257571972711367, 2.1095341104815275, -3.822861313653103, 2.3874390757765833,]
sd_coeffs = [ 0.45269319201958785, 0.19356136176814298, -1.6201378508162279, 3.304764062761962, -2.1810415447363125,]
ai_coeffs = [ 0.8488171646271425, -0.37886973087263576, 1.1749516440884262, -2.1182345874152992, 1.2877212396869184,]
mf_coeffs = [ 0.13157997029122265, -0.34047625323341857, 3.6860475664809655, -6.846926567100252, 4.249786858722162,]
