ad_coeffs = [ 0.16588467537076756, -0.01781440647226812, 0.47162935548274293,]
sd_coeffs = [ 0.4302776087956017, 0.20900981457237414, -0.40671841340144727,]
ai_coeffs = [ 0.3534585117772041, -0.2867715509764837, 0.20701779022710584,]
mf_coeffs = [ 0.1543249044573467, -0.12382520628601501, 0.7082507373047784,]
