ad_coeffs = [ 0.15006684813816562, -0.10117956455150412, 2.0274140669365397, -3.715300779891745, 2.3392404518423864,]
sd_coeffs = [ 0.4543820495523315, 0.17136368636601876, -1.5397067245794447, 3.1938275680842723, -2.1299063424329523,]
ai_coeffs = [ 0.8471568420855115, -0.36071849087761343, 1.1095043614259903, -2.028309954038206, 1.246535032538604,]
mf_coeffs = [ 0.12802322797220644, -0.29501168820036683, 3.531869736899339, -6.643724584689818, 4.158694275090824,]
