ad_coeffs = [ 0.13994156470879204, -2.122206153213174, 96.43986708129228, -1546.4718478699936, 13374.131877119702, -70882.78158598603, 245457.4285350084, -572573.9665468672, 906437.2905139613, -959875.7310401739, 650598.8398687093, -255038.10750437833, 43955.79115463566,]
sd_coeffs = [ 0.44767788274191245, 2.3351967462864867, -65.05186190301409, 898.3994970871554, -6939.065290066602, 33440.40605419353, -106856.33480314843, 232766.05914993538, -347513.7286718613, 350049.1813485708, -227452.65078385334, 86092.67834399443, -14422.741645370945,]
ai_coeffs = [ 0.6596315041563705, 1.0413193425261076, -34.859252051316936, 517.5717517907678, -4286.072645171464, 22068.382221973334, -74813.47878189964, 171471.59459916424, -267059.9441992272, 278212.4935413802, -185363.39548151958, 71339.81595622431, -12053.10369429187,]
mf_coeffs = [ 0.10875463305540706, -0.7997843839219281, 45.492583648616275, -847.240384731218, 8580.65080399522, -51616.90012255857, 196315.86140691384, -489943.5892426418, 813914.2233457095, -891961.6758106931, 619502.6452488543, -247108.93891059014, 43121.20477574359,]
