ad_coeffs = [ 0.1312125881662116, -0.13714467340466935, 2.3640907761473935, -4.45304564731635, 2.801441192996005,]
sd_coeffs = [ 0.44649114155344305, 0.35248868328321176, -2.119103511057568, 3.75376109639459, -2.335092448839783,]
ai_coeffs = [ 0.6731418506016799, -0.24235716843816435, 1.1150012029954803, -2.2148235710213333, 1.3426182126602295,]
mf_coeffs = [ 0.14375438497664716, -0.33661332594600357, 3.5216523773108652, -6.545814018219151, 4.079044861558312,]
