ad = [ 0.3064402526198055, -1.7170863955117508, 0.2950865401032503, -5.322709327919134,]
sd = [ 0.10743157544542624, -115.6122459697955, 0.01472995096562556, 633.7113459972564,]
ai = [ 0.15988819584799124, -0.3322234779246063, 0.6800203706164858, 0.45670919797007103,]
mf = [ 0.4184147730848836, -2.8368953912046107, 0.28029408215816465, -5.226653583521281,]
