ad = [ 0.32850137445126093, -1.3002462208792154, 0.42143228146551204, -11.078077699356054,]
sd = [ 0.12883113901753554, 170.98041035768313, -0.012073520974503328, 70.6326335952859,]
ai = [ 0.17628323503889684, -0.3079833614298574, 0.6161482823613058, 0.4146145841462851,]
mf = [ 0.48340281199913276, -6.446776990994289, 0.28320475626857805, -1.8700848086299986,]
