ad = [ 0.3190332552200046, -1.185475889955023, 0.5868477914093657, -12.857504494356622,]
sd = [ 0.11366326013070775, 212.75209951941366, -0.002080095047349467, -736.9599809393197,]
ai = [ 0.23979565703831796, -0.1942466524553972, 0.5958186959147722, 0.49146406298411477,]
mf = [ 0.6804050727173071, -10.141461139078086, 0.3102552229332929, -1.5753288561413894,]
