ad = [ 0.2969412191369919, -1.8638292196443496, 0.36641392651234, -6.373354863247485,]
sd = [ 0.09612507637898676, 303.1983122679802, -0.017304090385463898, -3.8788242289281825,]
ai = [ -2.270329017529015, 0.07010100798178298, 2.9387765296513204, 0.06339960530256013,]
mf = [ 0.3969980810234095, -4.02407176969465, 0.27746999361785074, -2.7257541202214415,]
