ad = [ 0.521169399317737, -2.9606466920250107, 0.4675995052123953, -24.377949012621276,]
sd = [ 0.007685132664958836, -15.881562067777505, 0.07049390815815179, 1017.1308294255608,]
ai = [ 0.2584196139156442, -0.08672963357909919, 0.4702533152093552, 0.2052569795246155,]
mf = [ 0.5808975298760746, -2.865574492385155, 0.41232184572322117, -23.00572976603762,]
