ad = [ 0.4829657620098983, -2.484985241004605, 0.4535184814989989, -29.765249225548626,]
sd = [ 0.10063395156428138, -282.2050683693667, -0.021772325360111807, 7.881724164132736,]
ai = [ 0.0990382840368047, -0.3412346941906395, 0.6707366571555354, 0.25768953581707266,]
mf = [ 0.36792119429069947, -13.308894824178235, 0.4637416995907155, -2.343472029550195,]
