ad = [ 0.34518743571753824, -1.7136540919015046, 0.49774845802915596, -11.469457743179666,]
sd = [ 0.09542308483417516, -310.8980449195162, 5.04497154637438e-5, -428.9437098039953,]
ai = [ 0.22904282288314096, -0.1914321178076198, 0.5812170197397409, 0.43970093135389393,]
mf = [ 0.44857266074608243, -2.208726671814252, 0.575651142175033, -15.34163491104962,]
