ad = [ 0.1404635216593974, -0.2895478074815633, -0.1236899431354284,]
sd = [ 0.512566932024723, 0.2333136166183437, -0.04983803410002735,]
ai = [ 0.8365950605945799, -0.19202318885255726, 0.22804803615755223,]
mf = [ 0.13468594162695047, -0.4093743892816843, -0.057562200342688406,]
