ad = [ 0.17862106417812149, -2.5234633485400235, 0.274180330173732, -2.8172524222238127, -0.07762900584124166, -0.17474604551588474, 0.08584771512167401, -0.37132170255059316,]
sd = [ -0.29816697222216226, -0.05558412832636546, 0.3516466589745822, -3.115957284910027, 1.4172618756726156, 0.15558500854038185, -0.6018124448148154, 0.012564029676186816,]
ai = [ 0.42971464829391026, -4.2647459262231955, 0.39278840431635426, 1.5589926758609538, 0.1, 0.1, 0.1, 0.1,]
mf = [ 0.3708486653980956, -4.017048147383636, 0.19710718073344355, -3.3431595862647083, 0.007827575057279509, -0.5232311198979586, 0.01683854981252377, -0.4917881026124099,]
