ad = [ 0.19952016413004178, -0.958887380981121, 0.45034656091064545, -5.590849114447698, 0.1, 0.1, 0.1, 0.1,]
sd = [ 0.13828338084189543, -467.3398201160199, -0.0720944452099963, 115.99881234521236, 0.1, 0.1, 0.1, 0.1,]
ai = [ 0.12012724498862667, -0.44235335817621313, 0.9160167786372868, 0.38159406815302505, 0.1, 0.1, 0.1, 0.1,]
mf = [ 0.3885440106292795, -5.889131474788042, 0.3279254781453379, -2.3668782155973513, 0.1, 0.1, 0.1, 0.1,]
