ad = [ 0.1591142949443694, -1.0776885105745433, 0.4391645177453678, -4.244467407256307, 0.1, 0.1, 0.1, 0.1,]
sd = [ 0.19089103586083497, 1.6464025608903403, 0.21811279034655676, -2.701023753125545, 0.1, 0.1, 0.1, 0.1,]
ai = [ 0.14887802750205106, -0.48051602924573156, 0.9137962144476589, 0.4890197987339175, 0.1, 0.1, 0.1, 0.1,]
mf = [ 0.3955810820422006, -3.7502125900538132, 0.2543746172027527, -3.0162273706163063, 0.1, 0.1, 0.1, 0.1,]
