ad = [ 0.6975748483880082, 0.38031129659312285, 3.092372260548522,]
sd = [ 0.33432034502912117, -1.7469396256445215, 1.0338416655533398,]
ai = [ 0.6953592634709007, 1.3727546209631711, -1.6224800241843256,]
mf = [ 0.8057959809406996, 2.251938080253241, 1.85546486859703,]
