ad = [ 0.4468788116193735, -2.3643439822990824, 0.4099224908680201, -21.377117903441235,]
sd = [ 0.10865568625241016, 303.85530629257204, -0.03045163932256351, -27.333519232776524,]
ai = [ 0.10581795339167487, -0.36722043695117573, 0.669906840365466, 0.2948059571988801,]
mf = [ 0.34614681276237924, -9.514705573948493, 0.4186821057549888, -2.2976078168093714,]
