ad = [ 0.18472505555878294, -0.947300804972141, 0.45761285519602213, -4.993419078233156,]
sd = [ 0.13819623710317472, 159.37804444005513, -0.06958064210228004, 15.123424301917495,]
ai = [ 0.12020111147824215, -0.4479778632721891, 0.9148438885044464, 0.3918005189590831,]
mf = [ 0.385110923295759, -5.329016846604831, 0.32215809942768553, -2.407185152539536,]
